year  G&B Stations  T&S Compressor Stations  Processing Plants  Pneumatic Pumps  Pneumatic Controllers  Reciprocating Compressors  Centrifugal Compressors  liquids_unloading  Storage vessels  Wellpad Fugitives
2023             0                        0                 23            3,490                 73,300                      2,680                      323              6,800            2,070             14,000
2024             0                        0                 34            5,450                114,000                      4,020                      485             10,600            3,230             21,900
2025             0                        0                 45            7,590                158,000                      5,360                      647             14,800            4,490             30,500
2026         5,250                    1,910              1,180          103,000              1,350,000                     36,400                    4,800            262,000            5,770            523,000
2027         5,200                    1,890              1,180          102,000              1,350,000                     37,600                    4,940            259,000            7,030            512,000
2028         5,160                    1,880              1,180          101,000              1,360,000                     38,800                    5,070            257,000            8,310            502,000
2029         5,120                    1,860              1,180          100,000              1,370,000                     39,900                    5,210            255,000            9,580            493,000
2030         5,090                    1,850              1,180           99,500              1,370,000                     41,100                    5,350            253,000           10,800            484,000
2031         5,050                    1,840              1,190           98,600              1,380,000                     42,300                    5,490            250,000           12,100            475,000
2032         5,010                    1,820              1,190           97,900              1,390,000                     43,500                    5,630            249,000           13,300            467,000
2033         4,970                    1,810              1,190           97,200              1,390,000                     44,600                    5,770            247,000           14,500            459,000
2034         4,930                    1,790              1,200           96,600              1,400,000                     45,800                    5,910            245,000           15,800            452,000
2035         4,890                    1,780              1,200           96,000              1,400,000                     47,000                    6,050            243,000           17,000            445,000
