year             source     Methane       VOC      HAP     CH4_CO2e
2020          fugitives           0         0        0            0
2020        compressors           0         0        0            0
2020  liquids_unloading           0         0        0            0
2020          pneucontr           0         0        0            0
2020              pumps           0         0        0            0
2020    Storage vessels           0         0        0            0
2021          fugitives           0         0        0            0
2021        compressors           0         0        0            0
2021  liquids_unloading           0         0        0            0
2021          pneucontr           0         0        0            0
2021              pumps           0         0        0            0
2021    Storage vessels           0         0        0            0
2022          fugitives           0         0        0            0
2022        compressors           0         0        0            0
2022  liquids_unloading           0         0        0            0
2022          pneucontr           0         0        0            0
2022              pumps           0         0        0            0
2022    Storage vessels           0         0        0            0
2023          fugitives      -3,080      -808      -30      -69,900
2023        compressors     -22,300    -4,620     -180     -506,000
2023  liquids_unloading        -673      -187       -7      -15,300
2023          pneucontr    -104,000   -28,300   -1,070   -2,370,000
2023              pumps      -9,010    -2,500      -94     -204,000
2023    Storage vessels      -5,270   -25,000     -942     -120,000
2024          fugitives      -4,810    -1,260      -48     -109,000
2024        compressors     -33,500    -6,940     -270     -759,000
2024  liquids_unloading      -1,050      -293      -11      -23,900
2024          pneucontr    -162,000   -43,900   -1,650   -3,660,000
2024              pumps     -13,900    -3,860     -145     -315,000
2024    Storage vessels      -7,430   -35,300   -1,330     -168,000
2025          fugitives      -6,680    -1,760      -66     -152,000
2025        compressors     -44,600    -9,250     -360   -1,010,000
2025  liquids_unloading      -1,470      -408      -15      -33,300
2025          pneucontr    -223,000   -60,500   -2,280   -5,050,000
2025              pumps     -19,100    -5,300     -200     -432,000
2025    Storage vessels      -9,420   -44,800   -1,690     -214,000
2026          fugitives    -584,000  -138,000   -5,190  -13,200,000
2026        compressors    -565,000  -104,000   -6,730  -12,800,000
2026  liquids_unloading     -25,900    -7,210     -272     -588,000
2026          pneucontr  -2,080,000  -560,000  -21,100  -47,100,000
2026              pumps    -211,000   -58,600   -2,210   -4,780,000
2026    Storage vessels     -11,100   -52,500   -1,980     -251,000
2027          fugitives    -572,000  -135,000   -5,070  -13,000,000
2027        compressors    -572,000  -106,000   -6,760  -13,000,000
2027  liquids_unloading     -25,700    -7,140     -269     -582,000
2027          pneucontr  -2,090,000  -562,000  -21,200  -47,300,000
2027              pumps    -211,000   -58,500   -2,200   -4,780,000
2027    Storage vessels     -12,300   -58,700   -2,210     -280,000
2028          fugitives    -560,000  -132,000   -4,950  -12,700,000
2028        compressors    -579,000  -108,000   -6,800  -13,100,000
2028  liquids_unloading     -25,400    -7,070     -266     -577,000
2028          pneucontr  -2,100,000  -565,000  -21,300  -47,500,000
2028              pumps    -210,000   -58,500   -2,200   -4,770,000
2028    Storage vessels     -13,400   -64,000   -2,410     -305,000
2029          fugitives    -548,000  -129,000   -4,840  -12,400,000
2029        compressors    -587,000  -109,000   -6,840  -13,300,000
2029  liquids_unloading     -25,200    -7,010     -264     -572,000
2029          pneucontr  -2,110,000  -567,000  -21,300  -47,800,000
2029              pumps    -210,000   -58,500   -2,200   -4,770,000
2029    Storage vessels     -14,400   -68,300   -2,570     -325,000
2030          fugitives    -537,000  -126,000   -4,720  -12,200,000
2030        compressors    -594,000  -111,000   -6,870  -13,500,000
2030  liquids_unloading     -25,000    -6,950     -262     -567,000
2030          pneucontr  -2,110,000  -569,000  -21,400  -48,000,000
2030              pumps    -210,000   -58,500   -2,200   -4,770,000
2030    Storage vessels     -15,100   -71,800   -2,700     -342,000
2031          fugitives    -526,000  -123,000   -4,620  -11,900,000
2031        compressors    -601,000  -112,000   -6,910  -13,600,000
2031  liquids_unloading     -24,800    -6,890     -260     -562,000
2031          pneucontr  -2,120,000  -572,000  -21,500  -48,200,000
2031              pumps    -210,000   -58,500   -2,200   -4,770,000
2031    Storage vessels     -15,700   -74,600   -2,810     -355,000
2032          fugitives    -515,000  -120,000   -4,510  -11,700,000
2032        compressors    -609,000  -114,000   -6,950  -13,800,000
2032  liquids_unloading     -24,600    -6,840     -258     -558,000
2032          pneucontr  -2,130,000  -574,000  -21,600  -48,400,000
2032              pumps    -211,000   -58,500   -2,200   -4,780,000
2032    Storage vessels     -16,200   -77,000   -2,900     -367,000
2033          fugitives    -504,000  -117,000   -4,400  -11,400,000
2033        compressors    -616,000  -116,000   -6,990  -14,000,000
2033  liquids_unloading     -24,400    -6,790     -256     -554,000
2033          pneucontr  -2,140,000  -576,000  -21,700  -48,600,000
2033              pumps    -211,000   -58,600   -2,210   -4,780,000
2033    Storage vessels     -16,700   -79,400   -2,990     -378,000
2034          fugitives    -494,000  -115,000   -4,300  -11,200,000
2034        compressors    -623,000  -117,000   -7,030  -14,100,000
2034  liquids_unloading     -24,200    -6,740     -254     -550,000
2034          pneucontr  -2,150,000  -579,000  -21,800  -48,800,000
2034              pumps    -211,000   -58,700   -2,210   -4,790,000
2034    Storage vessels     -17,000   -81,200   -3,060     -387,000
2035          fugitives    -484,000  -112,000   -4,200  -11,000,000
2035        compressors    -631,000  -119,000   -7,070  -14,300,000
2035  liquids_unloading     -24,100    -6,690     -252     -546,000
2035          pneucontr  -2,160,000  -581,000  -21,900  -49,000,000
2035              pumps    -212,000   -58,800   -2,220   -4,800,000
2035    Storage vessels     -17,400   -82,900   -3,120     -394,000
