year     Methane       VOC      HAP     CH4_CO2e
2020           0         0        0            0
2021           0         0        0            0
2022           0         0        0            0
2023    -145,000   -61,500   -2,320   -3,280,000
2024    -222,000   -91,500   -3,450   -5,040,000
2025    -304,000  -122,000   -4,610   -6,890,000
2026  -3,470,000  -921,000  -37,500  -78,800,000
2027  -3,480,000  -927,000  -37,700  -78,900,000
2028  -3,480,000  -934,000  -37,900  -79,000,000
2029  -3,490,000  -939,000  -38,100  -79,200,000
2030  -3,500,000  -943,000  -38,200  -79,300,000
2031  -3,500,000  -947,000  -38,300  -79,400,000
2032  -3,510,000  -950,000  -38,400  -79,500,000
2033  -3,510,000  -954,000  -38,500  -79,700,000
2034  -3,520,000  -957,000  -38,600  -79,900,000
2035  -3,530,000  -961,000  -38,700  -80,000,000
