year  gas_capture  gas_revenue
2020            0            0
2021            0            0
2022            0            0
2023    8,030,000   24,800,000
2024   12,400,000   34,800,000
2025   17,000,000   45,000,000
2026  198,000,000  522,000,000
2027  198,000,000  540,000,000
2028  199,000,000  571,000,000
2029  199,000,000  592,000,000
2030  199,000,000  610,000,000
2031  199,000,000  626,000,000
2032  200,000,000  632,000,000
2033  200,000,000  646,000,000
2034  200,000,000  646,000,000
2035  201,000,000  647,000,000
