year    capital_cost    annual_cost          ann_7  gas_revenue     ann_7_wgas
2020               0              0              0            0              0
2021               0              0              0            0              0
2022               0              0              0            0              0
2023     483,000,000     66,400,000    120,000,000   24,800,000     95,100,000
2024     269,000,000    103,000,000    187,000,000   34,800,000    152,000,000
2025     290,000,000    144,000,000    259,000,000   45,000,000    214,000,000
2026  11,600,000,000  1,300,000,000  2,760,000,000  522,000,000  2,240,000,000
2027     306,000,000  1,310,000,000  2,750,000,000  540,000,000  2,210,000,000
2028     305,000,000  1,310,000,000  2,740,000,000  571,000,000  2,170,000,000
2029     320,000,000  1,320,000,000  2,740,000,000  592,000,000  2,140,000,000
2030     664,000,000  1,320,000,000  2,660,000,000  610,000,000  2,050,000,000
2031     309,000,000  1,330,000,000  2,660,000,000  626,000,000  2,030,000,000
2032     332,000,000  1,340,000,000  2,650,000,000  632,000,000  2,020,000,000
2033     325,000,000  1,350,000,000  2,660,000,000  646,000,000  2,010,000,000
2034     861,000,000  1,350,000,000  2,660,000,000  646,000,000  2,020,000,000
2035     345,000,000  1,360,000,000  2,670,000,000  647,000,000  2,020,000,000
