     scn_comp  year     Methane       VOC          ann_3          ann_7
baseline-prop  2023    -144,750   -61,460    109,758,837    119,889,010
baseline-less  2023     -30,224   -30,315     75,959,085     79,456,947
baseline-more  2023    -144,856   -61,490    110,385,488    120,520,547
baseline-prop  2026  -3,474,045  -920,986  2,502,461,911  2,763,532,989
baseline-less  2026  -1,264,101  -317,711  1,158,525,584  1,175,936,673
baseline-more  2026  -3,497,194  -927,421  2,583,458,908  2,845,161,465
baseline-prop  2035  -3,528,939  -960,561  2,422,655,894  2,667,726,159
baseline-less  2035  -1,211,247  -329,932  1,340,130,409  1,374,936,025
baseline-more  2035  -3,545,889  -965,273  2,483,585,679  2,729,130,973
