year     Methane       VOC      HAP     CH4_CO2e    capital_cost    annual_cost  gas_revenue          ann_7     ann_7_wgas          ann_3     ann_3_wgas
2019           0         0        0            0               0              0            0              0              0              0              0
2020           0         0        0            0               0              0            0              0              0              0              0
2021           0         0        0            0               0              0            0              0              0              0              0
2022           0         0        0            0               0              0            0              0              0              0              0
2023    -144,856   -61,490   -2,321   -3,285,288     483,666,089     66,995,124   24,840,724    120,520,547     95,679,823    110,385,488     85,544,765
2024    -222,414   -91,539   -3,456   -5,044,269     269,380,992    104,413,360   34,778,714    187,568,805    152,790,091    171,823,480    137,044,766
2025    -304,208  -122,067   -4,608   -6,899,314     290,633,705    144,933,632   45,083,196    260,041,558    214,958,362    238,244,881    193,161,685
2026  -3,497,194  -927,421  -37,693  -79,315,029  11,592,067,484  1,379,906,132  525,833,303  2,845,161,465  2,319,328,162  2,583,458,908  2,057,625,605
2027  -3,500,283  -933,598  -37,901  -79,385,093     306,255,352  1,380,991,403  543,294,687  2,826,521,479  2,283,226,791  2,567,958,452  2,024,663,764
2028  -3,506,191  -939,783  -38,110  -79,519,079     304,771,452  1,383,480,411  574,321,283  2,818,263,534  2,243,942,251  2,561,145,159  1,986,823,875
2029  -3,511,640  -944,932  -38,280  -79,642,651     320,638,105  1,386,703,702  595,933,402  2,810,971,035  2,215,037,633  2,555,253,075  1,959,319,672
2030  -3,516,591  -949,086  -38,413  -79,754,945     664,477,208  1,390,258,718  613,476,032  2,729,681,541  2,116,205,510  2,479,317,099  1,865,841,068
2031  -3,521,136  -952,578  -38,521  -79,858,018     309,890,843  1,395,019,529  629,093,256  2,727,401,129  2,098,307,873  2,478,179,020  1,849,085,764
2032  -3,526,192  -955,733  -38,617  -79,972,700     332,012,973  1,399,677,952  635,855,350  2,722,391,184  2,086,535,834  2,474,521,276  1,838,665,926
2033  -3,532,499  -959,216  -38,726  -80,115,724     325,099,634  1,406,724,432  649,069,809  2,723,553,328  2,074,483,519  2,476,587,050  1,827,517,241
2034  -3,538,870  -962,265  -38,818  -80,260,221     886,002,015  1,414,072,114  649,141,706  2,725,721,298  2,076,579,592  2,479,536,328  1,830,394,622
2035  -3,545,889  -965,273  -38,909  -80,419,409     344,962,448  1,421,927,937  649,965,462  2,729,130,973  2,079,165,511  2,483,585,679  1,833,620,217
