year     Methane       VOC      HAP     CH4_CO2e  capital_cost    annual_cost  gas_revenue          ann_7     ann_7_wgas          ann_3     ann_3_wgas
2019           0         0        0            0             0              0            0              0              0              0              0
2020           0         0        0            0             0              0            0              0              0              0              0
2021           0         0        0            0             0              0            0              0              0              0              0
2022           0         0        0            0             0              0            0              0              0              0              0
2023     -30,224   -30,315   -1,148     -685,461   164,340,208     62,597,022    4,346,653     79,456,947     75,110,293     75,959,085     71,612,431
2024     -45,011   -43,261   -1,638   -1,020,838    93,142,294     97,392,441    5,951,323    123,724,462    117,773,139    118,261,812    112,310,489
2025     -59,763   -55,498   -2,102   -1,355,407   101,524,116    134,959,936    7,535,373    171,592,729    164,057,356    163,993,641    156,458,268
2026  -1,264,101  -317,711  -14,735  -28,669,332   533,757,607  1,051,269,753  185,312,211  1,175,936,673    990,624,462  1,158,525,584    973,213,373
2027  -1,257,322  -321,431  -14,851  -28,515,574   102,471,292  1,062,622,592  190,097,786  1,195,808,439  1,005,710,654  1,176,467,165    986,369,380
2028  -1,250,751  -324,434  -14,940  -28,366,560   104,094,842  1,075,036,789  199,399,162  1,216,922,900  1,017,523,739  1,195,617,027    996,217,866
2029  -1,244,338  -326,573  -14,997  -28,221,117   118,773,880  1,087,785,363  205,370,609  1,238,320,526  1,032,949,916  1,215,063,846  1,009,693,237
2030  -1,238,075  -327,898  -15,024  -28,079,058   193,009,349  1,100,511,241  209,921,390  1,259,523,673  1,049,602,283  1,234,355,095  1,024,433,706
2031  -1,232,064  -328,744  -15,033  -27,942,733    95,827,742  1,114,099,867  213,821,380  1,281,736,693  1,067,915,312  1,254,629,003  1,040,807,623
2032  -1,226,316  -329,185  -15,026  -27,812,389   119,034,635  1,127,175,439  214,692,360  1,303,058,504  1,088,366,144  1,274,093,481  1,059,401,121
2033  -1,221,018  -329,733  -15,024  -27,692,231   105,597,957  1,142,309,148  217,706,424  1,326,992,810  1,109,286,387  1,296,058,852  1,078,352,428
2034  -1,215,983  -329,901  -15,008  -27,578,024   397,254,224  1,157,481,324  216,344,364  1,350,835,669  1,134,491,305  1,317,962,928  1,101,618,564
2035  -1,211,247  -329,932  -14,988  -27,470,619   118,109,984  1,172,927,112  215,257,104  1,374,936,025  1,159,678,921  1,340,130,409  1,124,873,305
