year     Methane       VOC      HAP     CH4_CO2e    capital_cost    annual_cost  gas_revenue          ann_7     ann_7_wgas          ann_3     ann_3_wgas
2019           0         0        0            0               0              0            0              0              0              0              0
2020           0         0        0            0               0              0            0              0              0              0              0
2021           0         0        0            0               0              0            0              0              0              0              0
2022           0         0        0            0               0              0            0              0              0              0              0
2023    -144,750   -61,460   -2,320   -3,282,868     483,397,721     66,405,590   24,821,600    119,889,010     95,067,410    109,758,837     84,937,237
2024    -222,247   -91,493   -3,454   -5,040,482     269,229,333    103,490,670   34,751,512    186,580,374    151,828,863    170,842,696    136,091,184
2025    -303,975  -122,003   -4,606   -6,894,037     290,468,410    143,647,831   45,047,366    258,664,148    213,616,782    236,878,126    191,830,760
2026  -3,474,045  -920,986  -37,451  -78,790,016  11,557,965,226  1,303,706,676  522,295,880  2,763,532,989  2,241,237,109  2,502,461,911  1,980,166,031
2027  -3,477,893  -927,374  -37,667  -78,877,294     306,088,516  1,307,116,247  539,761,339  2,747,382,904  2,207,621,565  2,489,432,094  1,949,670,755
2028  -3,484,542  -933,765  -37,884  -79,028,089     304,601,695  1,311,869,492  570,714,666  2,741,550,517  2,170,835,851  2,485,025,594  1,914,310,928
2029  -3,490,715  -939,115  -38,061  -79,168,083     320,467,720  1,317,301,517  592,320,830  2,736,624,119  2,144,303,289  2,481,481,307  1,889,160,478
2030  -3,496,373  -943,466  -38,202  -79,296,411     664,307,417  1,323,011,350  609,887,008  2,657,642,967  2,047,755,959  2,407,835,816  1,797,948,808
2031  -3,501,608  -947,149  -38,317  -79,415,126     309,472,297  1,329,872,390  625,542,302  2,657,612,420  2,032,070,118  2,408,930,197  1,783,387,895
2032  -3,507,335  -950,491  -38,420  -79,545,026     331,699,609  1,336,569,598  632,393,959  2,654,786,517  2,022,392,559  2,407,439,600  1,775,045,641
2033  -3,514,295  -954,156  -38,535  -79,702,859     324,772,668  1,345,596,405  645,664,384  2,658,070,082  2,012,405,698  2,411,610,384  1,765,946,000
2034  -3,521,301  -957,381  -38,634  -79,861,772     860,752,400  1,354,872,025  645,860,320  2,662,303,351  2,016,443,032  2,416,608,983  1,770,748,663
2035  -3,528,939  -960,561  -38,731  -80,034,983     344,635,586  1,364,607,089  646,801,461  2,667,726,159  2,020,924,698  2,422,655,894  1,775,854,432
